191893	720036	372011	277132	493501	612270	998380	198248	394124	827136
844759	590954	25065	486166	1024	95911	890380	315243	941788	196024
534925	496649	585171	57665	325778	510535	763487	97187	459287	865572
164205	737946	386114	128305	593607	274443	893900	380038	115062	907990
507591	492108	842088	500081	853838	115899	801022	334237	873267	33232
579537	902562	508773	829520	911072	499976	91501	968091	430326	828727
16703	97375	856246	881421	911815	506824	162791	793752	350983	802668
541108	984103	757255	109268	293711	131868	267866	654271	594509	724073
880172	903928	863070	194841	426623	347697	585766	920121	284467	634762
877091	319462	792934	960307	265086	321361	856419	37605	929069	173579
870745	842362	434458	767073	71915	280719	702315	434914	135006	467327
149297	231308	587029	188094	356696	933311	729041	359176	452643	894114
698157	646173	951658	152742	565921	461881	270061	784838	318469	892381
493739	549365	465670	106756	652229	779245	570202	55874	818605	717061
518319	854330	185766	914294	149312	885470	901619	190041	175545	330083
273994	773999	275567	737844	61264	485808	683939	523200	409267	353371
447566	454352	941575	469855	171474	301689	360673	408687	130280	749154
962609	572451	241468	229672	813479	235334	598944	182667	677163	778553
919789	262079	21137	115150	208317	827567	854297	217261	490368	648616
774481	50447	670481	987242	651374	972407	651899	582608	333090	322536
459605	127359	20960	494135	51787	40025	706897	767865	740145	736022
628835	236118	340488	794612	2657	69838	513804	461553	616412	83633
826676	521115	775532	926001	201481	740285	800736	426752	781019	833636
410756	164575	226755	227059	314805	584494	502408	824531	643629	141206
889669	15795	188400	624569	957134	508722	270151	812950	480552	10730
220699	144431	176129	976242	146676	486656	772785	567682	545962	577252
454712	891418	69317	64201	294000	104514	278558	612070	242226	175974
855622	474503	585974	186450	837554	249755	876334	763528	806394	819874
23083	192334	375468	788479	298681	115326	886449	467772	567352	656992
777218	359710	402678	945301	135327	177813	572438	525094	908522	435180
176901	705849	734310	263819	91482	947060	607108	708119	332378	349433
860294	215	382468	518684	782876	951893	766605	719368	335379	895201
581159	265551	613978	486555	166688	309617	735274	847931	870966	327675
191888	809952	245366	267051	917682	917199	340359	137487	114447	794411
948711	387066	667004	420934	467335	224659	843920	640247	476467	163901
512333	766232	522346	972159	418171	554316	496411	461716	892464	530005
405469	958905	520302	374060	387759	829384	123611	285481	227677	967171
335672	132131	499883	871235	488744	296154	57197	193315	606692	671870
444378	752237	270060	559503	634491	925694	77871	753659	39028	29631
143784	19395	341656	73676	526144	464577	93923	856349	501620	65035
956358	255476	509778	191472	488070	602518	752005	949988	30666	564218
98880	220350	989664	912232	851754	576614	959485	800151	652813	95555
224994	987098	498769	983418	532526	308840	778113	67460	595003	33537
87881	723158	175467	984505	269740	35067	198537	415209	347611	211485
531415	57639	532676	626153	346324	434220	817649	562200	325635	663031
998110	110789	293263	812638	163974	154614	742173	437899	750755	452622
352013	765637	450947	214256	986927	218867	69413	434578	601279	63548
340682	906223	321044	270471	877011	205411	384466	86415	481661	74508
171035	627914	19278	323963	905429	484188	148033	28483	212167	920875
948170	390885	796152	682147	913562	692259	688051	753211	232988	139007
961222	918186	447941	453022	733893	121850	290937	214455	727016	846915
904587	506859	663621	498453	866554	769231	411046	361798	146412	514859
640034	126059	397269	705328	372329	519616	602628	176782	702284	500761
36699	546425	2270	419272	377564	545675	995090	567062	621334	773615
103418	933988	86001	350430	78041	397900	299385	938141	630416	352249
707452	668036	555065	240777	561375	418770	910293	605912	607496	855492
787994	173503	762577	621334	259367	694757	757319	109495	219600	592471
890427	971228	795613	830378	182949	280684	957847	982305	579259	958165
815356	314283	523064	158660	400419	477997	96589	278590	307829	11243
53842	943315	210655	598149	779960	301528	78931	532923	364486	354017
822625	978291	540292	190642	645755	259329	719221	52660	942364	15600
898358	802828	171645	680145	803922	205141	290180	613080	791171	885701
91482	710475	936325	572194	190735	54548	297951	566534	650940	92165
864509	711485	961251	150454	174076	147204	204733	688188	894717	103082
649223	660352	922271	892629	71765	125654	608544	514521	320576	881657
876814	681631	489905	801555	572102	602145	363169	648575	931007	217551
353396	264474	706183	782373	880122	951551	856463	175832	192021	301658
142422	847932	908610	74564	736929	907279	421024	55633	359276	40080
294698	441459	272243	237402	430651	969355	627063	331007	159811	489582
865195	563183	423312	716359	363920	727346	177186	327944	328948	176464
962640	985571	806856	51021	895307	200671	753613	557631	662606	444474
437707	48193	927825	962127	392103	410376	963064	448687	720154	689512
351636	346824	584804	16489	480261	429229	488397	723331	10633	450431
86912	836845	249945	525051	171110	399480	53637	515381	394752	270599
433123	631705	148017	573235	471501	106281	871108	131360	264443	880427
12643	170707	474006	973159	351574	108743	293733	89003	159618	531867
620429	599372	231410	302944	613744	780594	851611	40571	537813	515339
537064	657943	437811	850413	640202	524717	790956	417903	531091	668476
820641	859502	906015	861523	432879	123992	373659	448217	416954	552783
373892	75077	731168	831621	36892	170477	393177	776680	11341	720704
730803	685250	468485	568222	814813	380261	453784	777920	527393	368364
832360	196918	493217	996292	557844	658541	669966	194282	22559	365988
758371	105724	134376	87520	179207	808071	8192	947917	624908	56977
313645	874019	947443	298371	263937	311824	370093	69278	103034	937535
692485	294678	667766	232542	594664	100762	25981	707324	417453	255345
80392	476842	717253	154339	821763	9493	847615	542157	431205	570142
942081	739643	467993	833037	627740	257670	374512	566975	811997	309160
612110	323710	195850	859867	471244	568476	849053	741647	176688	710300
120961	5409	445575	44261	771614	991005	946956	443677	751868	43332
699839	463473	49042	5584	460897	140903	949535	557334	910172	158227
983551	403586	230155	120235	756363	199320	842652	660833	90349	245507
21913	421368	362887	194044	246833	909311	844200	38959	834307	571691
228920	63987	507398	377910	428992	831752	37195	503357	903682	664329
424262	381735	268508	97515	364374	348947	921804	461880	962071	473901
648954	485418	817292	647177	396578	916223	880488	976033	79985	224892
96027	545415	930711	71437	162107	696883	696412	349871	10132	872737
853182	728054	934257	905601	31957	10862	215874	976195	374851	109175
955292	971001	712050	764339	304480	672794	843111	729249	352243	732781
499947	820496	562814	599956	82530	485928	838025	48	456358	817889
818490	166552	721625	674187	8184	725757	543280	153991	202936	474079
424987	339746	170326	25519	990914	194597	930982	790280	411386	916827
526860	540221	315723	448698	510393	723238	879572	885377	538189	866300
364263	201765	954261	51786	588948	176784	1243	467293	439496	616361
16599	588812	700946	741276	561687	305283	292784	574579	555935	407118
909947	3454	965494	645529	998739	602917	905229	765964	79823	868458
40676	295169	605784	388291	42505	980254	772249	382603	896102	964501
900394	563309	903164	405650	710953	5191	372369	858965	230310	162291
167717	449364	295516	867977	609790	965849	380335	791533	541990	396882
104459	616462	819511	379550	412078	686291	679416	150349	497294	606098
232859	482637	226890	618117	386631	548903	357594	254272	438167	265035
878116	129433	213869	554133	187181	46696	158332	893656	825314	188415
138874	874703	111473	346566	710668	141360	160523	289302	719598	868904
718595	456358	677869	666801	701765	83106	493127	132171	744368	341961
866277	337771	57317	132019	483128	987458	264748	621643	433387	863869
815368	533705	467954	164032	640662	710734	383502	77799	520521	460054
250018	737696	95089	429568	20428	821244	441736	125443	657853	354125
309393	800347	469920	51251	388861	775291	599678	810796	941510	696233
236731	614858	919999	293591	883668	492088	240873	746431	576630	445461
47526	618257	339829	607965	235944	957276	682764	180724	776267	321526
562916	103481	681879	387361	322066	93585	698627	792399	730649	44218
913498	809714	951247	473482	519421	402836	219464	945302	697025	173134
706839	422349	545915	473850	253948	787378	773884	311468	655273	297449
593409	810358	597848	520307	67329	359065	355006	284843	921151	835456
152275	870389	357150	638262	700447	408670	868527	820628	740882	975384
185222	864308	734655	181101	537420	649244	441357	240132	457912	860449
369395	690714	351587	633821	992021	218320	176498	756794	426545	143225
557202	468810	834416	434156	296692	657767	804369	835561	782902	872070
974975	248030	993402	433082	251429	66200	811721	7606	468781	835425
429010	461454	686343	549572	833764	478001	310283	767490	825729	754977
24853	513330	517924	561171	636412	866316	418041	345109	10213	913359
527847	679991	408124	44760	534525	50319	220535	578381	281022	315195
525106	646283	129804	964801	736362	634690	711942	833743	71235	262407
973172	511361	20457	666939	229830	85964	495964	147524	222200	211135
191476	145564	634242	34551	246713	300858	179485	868924	460930	56420
210705	254699	569663	973906	400243	790079	850365	196016	875655	606187
686640	591893	963524	330102	767877	388673	559408	332534	163157	626785
327083	245419	44277	138254	124056	957914	530636	944279	817036	856215
389856	368441	897590	717756	283320	621032	874461	382136	912030	343983
474531	769796	500503	209964	938465	361334	946091	171710	947449	144786
870637	190104	99866	285741	102932	251527	775572	964425	846525	482941
387585	175497	217045	367772	571967	657111	103704	934060	238417	668764
454824	335104	557554	805341	457741	130750	17977	400369	296414	617400
990956	151007	400053	401505	958609	15963	470729	427059	214274	400629
811819	247625	378446	290285	43310	161995	613819	57583	44610	221165
261800	633021	214837	778578	648980	724280	3081	195079	213362	103164
19820	897180	727752	636225	862790	608876	229408	669550	123834	460190
566247	961236	217009	331632	975508	158353	995658	467232	95157	859046
253193	317343	75638	955991	36344	310581	596693	322469	528213	299921
74950	758696	546861	927745	355483	649112	958185	961037	367490	528086
5946	675707	781315	890227	32703	765184	267219	786495	19464	404470
170201	801661	949410	847527	799920	820838	737216	674838	262352	758524
810758	634822	675770	721375	87648	459826	253554	473338	822975	953674
119167	6582	418302	741113	819243	163706	455177	404406	392638	502573
85696	211464	895941	138682	247387	140297	865634	535377	830717	695745
873572	935397	855041	176109	692657	388085	638384	113110	781855	6791
572977	69537	770693	551554	708148	883148	608667	860846	141492	509996
888937	742388	942592	698966	918201	470106	955567	972770	500995	406122
364596	363677	430413	615231	544039	797975	719802	115459	984553	147093
629769	854911	38885	4621	703763	936690	159986	123432	746489	429199
408631	347297	706005	190985	53260	763326	90309	191547	894986	675428
30801	369110	561327	837527	274860	891281	99254	410534	264010	813040
859823	677286	344360	921370	238514	769612	277401	757435	784419	622620
23043	811718	625717	143213	982859	367222	413733	64068	103194	216045
367348	852552	916824	935813	375114	37733	218103	775670	81635	383951
30904	475343	299680	468737	558273	179926	987538	165994	598609	884217
507642	964610	376105	714826	78852	363362	447392	572063	507214	991530
83973	915485	368250	927658	741572	280878	140461	556991	3716	747851
473134	493407	791855	911014	391120	639909	206119	592284	778689	369315
991447	974639	27338	24300	211999	14254	402841	298477	250347	413354
530506	743910	100677	837173	603261	274329	175315	891841	183174	661501
439304	496133	327839	637048	13163	790366	425724	729521	11226	858196
542549	475216	636623	171188	90950	900770	719601	255674	19724	772484
977758	473231	782771	528635	75999	658413	304901	111648	638584	628936
383812	262490	669628	328898	118723	668107	695162	262661	794502	380673
236930	629788	832679	915847	299569	97340	573522	801646	138935	418420
443939	241883	252898	701515	610747	430740	357040	532566	801325	293658
70601	411871	295048	333382	20818	831143	107884	922604	685065	486757
986423	115878	886921	105581	588510	246188	226929	902870	181370	278552
13001	72142	643554	440616	589513	482174	876900	284213	999214	38100
507781	112076	821131	672047	955833	338584	46057	361262	484785	506439
876412	93779	520571	921828	913701	340303	8377	723915	930593	277145
423693	546232	972249	317008	810408	150238	759775	265725	223835	799495
317830	742669	35706	960481	56084	175114	655945	159962	902376	138271
812373	475169	352304	486279	89249	973825	136168	826513	695379	393756
563164	335035	758649	179344	590935	965677	791357	25205	210392	270643
460657	903265	716700	247554	772961	641270	876518	936940	733110	935490
591579	144448	3676	267405	85788	589193	182325	591912	890008	873698
523542	963646	212326	888396	768464	840821	824419	433667	488376	129074
289727	205755	588358	59982	218119	905279	522785	372492	879808	923204
565151	83262	887427	442375	302954	148996	804174	209131	310870	725554
174085	31886	469597	839152	729989	23600	794859	201243	461938	403565
253112	951670	107145	401391	495360	831246	284106	533209	796343	589330
415486	585121	399075	749484	535325	899748	740748	949031	367988	716723
743609	805772	900476	995996	867780	610636	988608	372897	514785	666598
6750	798335	424354	628274	770733	886653	934398	606627	917842	442529
105649	907707	426086	585339	592534	110799	229513	941330	765533	305639
611323	342625	62994	623646	816304	885704	476282	546249	360583	940318
989528	514747	841280	31201	184202	208228	360536	945906	635294	984164
429874	991363	8160	67079	527557	610869	207755	759136	326467	412439
181369	829629	665897	499592	845035	87085	301634	357814	287663	780295
456574	601601	183895	632549	425352	929523	814150	240714	107003	122598
630686	126487	791301	863742	771742	271745	345705	695689	744064	631311
615329	454797	367036	349206	723373	151304	401917	601535	163354	101383
608577	684070	194218	681638	807784	23281	541790	815153	830775	860357
429602	694432	698833	359846	676823	245935	580103	485646	23397	253853
380224	373753	195758	503578	174463	590071	488415	415700	3189	288581
462937	965375	481703	299444	961912	562757	321399	130428	739388	18410
620546	221739	47172	929821	408965	188175	409424	773803	734114	158497
52444	7991	488658	230624	939850	253434	233967	728440	978496	347711
581114	2931	672460	947790	97449	129197	738354	315456	763190	498885
427567	652387	406889	73298	250821	868274	406422	639563	424334	207753
497954	945507	676939	469177	77456	287045	63388	300944	430047	392111
981635	565608	931697	519928	531328	830993	450996	633935	346679	458672
461063	768783	410645	672983	138556	49352	280038	300841	908268	863737
498574	260028	249669	729825	856101	35879	754343	941889	164920	852215
933739	158802	80219	628225	468739	822551	65565	576812	932156	248971
863980	770757	788966	743236	564370	737233	402412	880380	385169	42808
884524	970220	416045	845628	594678	714245	36864	290902	670295	194226
157283	581721	752574	422426	742071	924584	31824	529965	333768	155519
686826	947419	488712	19763	322348	344652	304578	556778	851743	253009
839094	798171	220195	442226	771444	947414	370875	348544	690250	45390
999211	431752	574671	226065	943618	633430	962492	473351	449056	227141
811636	701853	433874	998663	338730	560592	196120	356179	151649	30562
709382	286659	497493	630847	867272	239348	512618	74075	296902	322951
355346	305511	851505	150746	248740	587178	380622	705593	469752	359777
447602	637282	655058	990007	294305	184009	900174	657236	870343	792926
351101	239043	804955	666960	725931	170837	441732	844597	628836	874583
156533	865337	308639	611009	827578	556481	30563	371091	245105	723822
705133	504351	516410	596231	600745	731630	374179	59662	964569	289315
268843	551506	671899	723441	894345	329149	860942	742411	213479	524500
620870	348635	438888	824507	772225	397472	788430	337142	171098	286701
629163	762387	14050	644230	504293	903687	916090	55664	457455	756531
299912	895270	128071	838370	54049	61834	263252	614183	951909	277081
966953	9547	700964	811663	56921	997432	613777	684297	888801	765231
721006	956816	301660	905522	175171	141322	265375	863346	313222	769134
934008	580689	535021	527240	700540	637404	997696	18058	581536	566949
637710	311236	700475	819876	849877	716956	459233	315936	192999	180737
172960	317686	709428	113530	754706	402631	573193	761134	723280	223566
76801	146132	624325	105864	371017	194849	993063	377533	447957	358600
710761	873000	607546	3642	927030	520518	788306	121438	130249	811862
960169	372426	213598	253074	706050	673565	329361	151412	120336	885518
497980	126710	299571	657700	306946	236563	179319	384211	33023	70255
773694	125161	782292	542703	762461	872344	291917	363153	73805	775202
956003	633531	641561	785929	193621	870957	180187	309766	748500	197656
332405	839041	683630	729353	562957	314059	911149	592058	758912	324780
209336	243698	219398	977657	721889	477905	507384	53426	702250	184374
217015	383551	657321	305067	793056	755134	619284	459321	571240	757920
628261	310709	931036	385976	275319	480881	722491	556512	82317	211609
241441	773478	119759	683741	688552	173885	200541	2259	504158	4069
751098	888734	35299	655856	43508	474981	884880	404888	136912	197094
366826	432425	958692	930233	129793	763534	737948	77097	154641	72146
850617	707302	853417	88451	399364	949235	76804	11725	763178	481942
331004	354882	861007	673293	345674	158508	730995	729341	689513	462579
639152	268974	279082	329245	800892	323934	926409	479747	118714	147614
319196	557953	384624	672503	308155	117810	931095	232333	480145	418990
426672	837767	558010	6496	981140	425892	871233	636877	314063	399294
63636	571124	459297	48758	455514	108584	29267	123663	563264	674670
836061	840441	933076	137664	28515	115892	439175	147400	729271	887226
773182	773729	30935	728539	89988	773069	471805	463183	781940	273817
152499	852614	523769	485890	697236	262880	776787	361877	887444	720455
634290	866256	892921	797243	658446	988614	691286	865335	619531	869821
454713	171889	261986	293789	28903	910628	169723	40647	470018	165989
296296	145836	430238	363141	999535	265475	457949	563748	7424	715184
190273	555891	796936	300568	830305	884112	49128	195201	150606	927775
752080	34404	714772	47764	653650	704175	170476	879340	822046	254718
904016	699904	83360	760299	940482	504502	973516	145693	32242	487586
786320	579816	488915	124228	703184	272004	481884	506986	848623	12935
683974	857513	922823	478719	274114	847789	671343	27377	381826	686772
671282	482385	205837	376754	249013	99019	851471	338458	648989	946587
59216	426270	252076	57771	959895	729396	662726	109455	105958	13324
33719	771178	40249	904187	900447	277123	204453	132067	28771	460441
192796	240666	841198	394248	61947	164997	146164	858809	931300	902851
118889	13482	123433	179572	363002	429757	353510	986215	272890	235556
167701	157415	985060	604115	954568	447026	68445	496768	562496	59633
511915	999258	672647	657091	626250	917878	906727	196583	77729	687254
501470	982736	399533	786292	650095	944737	783157	913230	698593	341497
743215	444801	748555	150671	915929	634891	302303	762301	578918	349971
969378	828156	887019	677722	423903	826110	786456	751939	203758	433345
950195	83984	259428	733685	245251	656076	707509	536591	441038	974510
947732	503001	93931	919077	369613	328605	573123	837033	778398	414583
783027	56708	254870	106768	911357	784488	543877	97501	118323	179080
576848	511634	741388	128311	109198	782535	741538	828318	860134	337056
486780	181234	305536	982910	11084	137926	160704	230380	350423	122528
395684	4514	796759	341472	896494	990635	424785	979828	180137	309354
383179	17801	693099	794936	491428	7344	805205	647792	8612	767048
335398	194948	503533	911049	92804	684324	845017	331465	942011	230291
991536	969000	636743	307421	506559	834138	122414	488367	779912	112744
697675	574813	911333	136880	911004	798663	812594	807517	797211	693299
299246	395687	639947	362145	571876	839014	860065	636505	867440	740543
161366	793190	464082	296548	250725	871209	979391	55875	479206	261429
730644	824204	202477	925326	61779	338519	548405	432036	312396	663452
532865	675775	954624	322545	438287	453289	669678	352510	935882	174071
822089	455306	744424	112202	363198	47482	966549	208825	665102	627985
926605	572486	714156	263733	364697	788698	690024	862610	58557	445467
932095	379611	858802	370393	664530	611911	525129	533931	37647	99547
735185	454334	871932	724923	575885	960529	215644	511092	700767	397946
269678	146861	230380	712198	833229	825920	255961	774827	193422	38971
774703	159897	942119	780795	23750	23674	604082	115447	694365	419639
169469	681891	637814	885459	281100	449161	82809	566159	996526	514597
337609	237643	269689	278484	31933	368808	629544	373921	591304	823711
480280	638317	108832	748165	612998	791158	517608	316153	898453	15139
204619	343231	94160	131119	351741	490944	378877	793738	542707	758720
812391	113390	868292	272877	925207	769314	205455	27306	499669	727372
703100	911847	345597	217788	949891	479952	168543	194905	861870	692538
683565	631725	726008	286447	268922	154700	504086	638159	422233	420709
512956	272245	481277	819271	797872	254275	749880	577613	632815	739070
11027	240556	519722	867032	580231	620722	501783	200689	883188	370380
110199	798815	160762	645155	129770	807925	824858	40376	893966	82812
550436	307485	677955	159474	168873	449254	679212	492200	448516	822168
113981	490792	613583	885881	178148	705628	17804	791918	664255	113299
702194	837407	318512	56077	915206	164045	235400	404549	657397	995103
598053	407058	251313	542986	9879	48625	879294	598662	780089	689944
887066	753990	143329	518848	283096	813711	271230	415180	94420	176561
193233	189701	253488	774305	560503	848368	270933	282208	235142	577700
519029	948186	166241	544334	533922	458415	901090	578625	335818	56934
290008	898168	215599	770632	774180	486116	895492	847060	795269	636992
860199	912997	785706	326119	47620	298964	231451	756875	972316	996915
47972	181941	24498	468976	315408	940812	765474	945683	381222	906860
992894	93338	579659	688821	209656	465080	171256	922286	742679	477813
678995	883975	656602	223540	313432	281256	799905	539993	291785	457182
343914	412783	860274	265593	334716	464630	426326	309192	86657	8316
481998	248054	80361	884117	190121	523954	869974	928543	211633	755713
195279	526554	140332	796105	232152	398575	443886	755889	350215	489565
594111	526573	406089	195890	296256	525399	220414	226518	910587	945336
364526	990748	384136	618496	19059	553100	108110	891041	554225	346590
299437	861700	601563	743510	869545	543237	373902	659591	778206	635048
558640	853995	42357	145971	796495	307594	427811	630727	524712	801282
502301	861270	637462	289968	17153	164462	785183	764996	322067	34311
859263	400339	458732	703469	148399	555637	856563	51915	817604	347126
379001	897518	977087	59729	302156	725256	718259	578600	481748	214444
928064	149064	243860	914955	604462	633126	7800	610001	604364	728890
966927	487465	225501	552494	684530	331348	530680	908641	453757	532867
701879	161570	341764	167941	611873	997744	843556	636992	404104	100305
839317	786967	213847	911547	721808	201090	505777	308495	933850	9805
716424	481506	786565	64943	637889	20044	348130	775458	991254	85744
761841	629622	268111	910299	904568	597899	27761	102811	361482	172396
522505	409549	549766	605218	333388	621175	26375	877493	72695	882458
233504	358892	733751	952496	872177	348547	835628	404195	281506	438293
864956	455728	592671	196329	593721	88471	50646	497062	311706	836527
342032	521376	444530	301073	918874	425476	739944	587029	51735	325716
986519	689953	596799	815425	846358	375596	238099	36583	697534	633631
475872	731340	554581	35414	907054	7189	202395	285674	386257	948475
918217	752046	891450	371210	525473	411808	816114	683396	540526	256870
693760	129628	132535	951419	236539	396472	586011	991144	639406	138174
658472	882479	616696	298188	518705	219221	322282	378026	216623	822154
187920	980406	505567	212034	544042	48227	98127	561776	465157	412593
142177	887098	390820	588047	744216	519571	733332	91855	386211	568177
66924	905007	408811	237704	6815	975078	32068	662919	428058	948307
593958	585204	486253	517436	845664	783114	718368	515707	936049	977247
582761	20146	798057	284217	70997	255175	559177	709993	540790	724180
468989	612012	657336	23417	16577	818347	596762	167602	368447	713823
863322	516453	234818	630151	667236	75056	115829	967665	764528	909866
402401	345448	988504	376892	275124	47707	722457	157794	907764	575119
377018	290271	284709	265193	647014	932492	923943	742825	569273	547401
40293	527205	140931	293526	491151	144662	742502	871590	261692	219087
80499	424978	286142	342421	586159	336908	827153	17153	995277	710404
51007	467797	665130	189371	378317	628653	490992	722829	894493	409305
569963	993597	7299	377368	912417	359794	532623	612597	241869	792306
857078	925702	958304	542111	495567	828942	973048	878721	555448	82124
147001	781231	571334	70814	958058	268408	228527	383664	722784	287995
52251	803853	951005	817980	703389	626699	2145	977499	347722	565198
388215	421860	679862	47760	55590	25765	161482	844541	503742	289938
431900	774727	239170	722553	971051	412327	645286	238430	835770	160364
453036	313081	489265	354527	782431	798975	930707	441470	155119	565277
403701	110884	336723	356228	919439	548395	738640	821160	407753	569538
347707	228923	50638	821894	884806	646716	380223	37331	477496	14042
887406	615781	341767	329330	761465	560630	247911	243177	637190	471410
734466	515800	243576	851746	996083	615678	933378	610702	919115	341463
303956	972749	669762	936021	255696	83243	336373	671329	330735	839913
995543	367868	131045	879606	782509	71131	408824	369722	814870	625646
292065	68148	311286	352820	961894	733010	220250	298880	548212	834438
792924	539948	903892	960020	845195	676254	978392	603283	108960	899774
533435	440651	979224	270331	985970	385411	20385	837435	801827	746524
107240	286161	17107	991022	309524	969989	271767	927914	113595	843440
293769	685160	544594	504318	40594	143427	330445	946971	161057	302641
654489	795035	813736	207637	16600	343364	381303	650150	674734	214989
765870	838466	146010	529069	831335	345205	820200	487527	321114	263763
645261	239613	358893	178519	365671	807334	378979	547056	554448	771205
11064	423753	120807	242897	483933	419876	798671	881291	796384	681464
784574	256118	895019	478404	283702	398783	496732	410786	453062	863183
634190	130955	366252	912244	385496	692426	762257	749501	323516	202441
225941	753809	381965	762774	964199	214798	336683	597941	174053	362476
757111	375683	63981	454556	75005	914834	673428	10916	798816	820612
441136	917110	132946	97292	953259	922986	534982	444531	299346	992273
929730	651228	642670	180014	249746	639537	886275	65603	636197	787197
30453	663878	649875	793624	76790	131066	131637	661221	823022	603497
520727	727709	979984	887359	993773	345277	26029	304353	461493	600861
251250	397495	366531	829803	372688	174051	975638	400672	797505	36140
540338	320541	742466	161869	742618	646594	473183	527336	838586	823826
214121	585312	197456	703843	75216	202987	647352	473102	877759	710236
655424	917076	95360	991643	177844	557841	394339	368134	312817	203171
43622	98490	523562	787216	737416	802821	477976	275008	131615	598759
337498	675708	990420	604415	829994	375962	422466	57362	418612	958002
421213	524553	702189	149202	412491	782397	940880	266040	347060	990891
766546	518717	88929	491449	370706	113048	380862	986777	587509	93969
131740	423071	426325	649400	944938	723495	164568	857537	405523	45441
409620	712388	192350	444710	632288	160710	919017	773444	43230	41182
31319	900739	619282	992881	605855	374288	715246	33372	867743	239138
543801	229710	511546	266323	227781	316518	405143	855768	693956	756207
656310	970160	247414	4114	996249	347921	441771	292092	946641	461907
844351	492026	938352	763604	967569	72174	494927	326357	127656	192931
320803	475000	402660	82712	341342	94869	363439	813577	446701	765913
60930	429278	989080	860340	891943	656386	493449	17976	484013	178319
663653	241917	496787	267731	338400	813986	789326	383879	961222	644587
638446	476179	35836	382031	884493	83463	634047	235119	648345	657992
193674	354745	411938	975905	921269	59563	719600	662667	276087	26299
561231	421807	482399	204045	296682	383645	209197	111157	776518	5806
268323	93341	502195	869401	400325	128562	179424	881297	330126	598154
976002	165645	359547	94090	659882	656769	499498	15362	4380	459724
629694	819354	96454	514099	239117	486896	480550	432508	944223	745929
511146	369990	921582	305824	706825	160431	859712	994223	396755	150670
429456	749967	804980	921285	57903	495496	906312	890571	963889	486806
472524	432365	186943	458137	135603	285774	152061	790471	720838	370366
281184	957434	217286	455058	729567	363904	739751	752834	67632	555689
146011	70406	460420	889549	528632	565766	908472	245194	971213	707964
711805	564256	649564	151786	821326	122437	232869	412759	591850	764392
372825	202099	683950	161469	224001	271554	132056	169512	820690	136853
572927	693701	506550	111446	174388	631385	332174	962697	228866	138178
783858	931228	146309	200358	203163	713275	317961	947753	422653	473165
608279	171340	51260	769521	265707	663532	438105	739686	284315	20899
888306	697883	878058	136440	478304	399943	172053	304151	691336	321245
299065	131611	552425	688098	505413	721040	940818	177801	719957	55301
455208	112532	986407	305147	241789	599474	509659	733134	594437	410499
522954	27878	630894	569593	825957	558154	587865	137783	582299	662575
571330	193480	536710	970110	118823	213114	171238	675819	384626	417366
463716	849705	998917	883451	277184	481483	824141	325029	85521	778882
564453	676221	173400	84299	18479	918909	603810	937707	234180	399400
17510	452540	51036	207046	690894	324378	366661	437242	171436	923436
731528	408958	820780	636140	909073	407256	644982	104412	594239	267607
520768	264652	824404	639542	645513	682634	466082	593777	337652	973901
5847	489106	781807	323634	641040	597107	230635	309055	806328	794905
604784	656315	908481	878567	489684	284578	3301	120061	948069	364759
807168	290265	242439	972609	48992	364059	778649	237402	391014	769118
286711	588780	347929	941195	408025	527241	105096	946222	467921	557390
569781	604016	173046	366866	246911	811890	997114	265869	865024	744041
768188	962708	798841	489142	24574	963863	469003	782457	309056	182935
884876	477238	989252	463093	583160	65985	335074	480258	204527	458042
864336	777888	977072	9019	755277	159234	212062	730034	351522	892987
214389	353020	468049	146751	66575	880288	777077	312751	429354	137174
654623	915108	686397	901430	577563	113069	138390	670974	166570	439156
417109	558876	304539	304098	519821	242290	170818	968742	741349	65207
902676	612170	852688	560272	633017	903531	721162	830566	626550	333716
919711	819666	441658	706841	388255	44885	633706	688480	851071	583546
458799	515784	548468	788422	610088	665292	221420	686748	372690	916033
499180	451520	222488	510971	121759	129319	406591	88305	967169	359300
90641	248999	283397	771578	583980	863569	811715	602927	613400	795631
722851	779237	280504	27643	575778	73213	933086	785251	670858	451395
542343	727767	714687	267268	792982	920296	101066	732455	25958	663423
341415	403705	88505	374316	596535	12078	750243	66289	216633	52862
659776	310666	18896	208071	867019	386184	887356	687116	522318	562082
929896	813053	556188	214925	829077	406529	258428	453786	631648	38588
880251	846426	175871	768882	779256	523491	322824	81819	871432	944670
505944	578483	734661	122466	553724	793493	613993	618047	497552	320951
150578	573403	680910	274191	420477	507053	778655	340784	292369	944401
602342	359800	6875	193790	344412	732993	106543	356547	900591	556538
593941	901837	853779	156539	439331	662021	698275	10209	47380	324669
109828	655844	408138	480110	313995	558932	171281	783269	385838	610601
96892	389061	383373	322502	419314	320292	573605	640113	194768	532918
709506	965296	506512	21802	906371	695352	688619	732576	312571	248864
603826	650808	929478	698491	993131	699733	802754	728434	832315	710605
781890	554785	753603	757762	37234	103064	202372	942399	518730	94747
318834	726796	757852	157326	776759	920715	466764	836669	150012	568397
23298	441587	182830	991436	693396	793654	799409	289009	939396	237375
248606	692153	125324	377766	394710	203491	748820	568845	670461	501267
825362	271993	690010	296522	892259	312665	531689	423999	712950	963191
898495	141483	404276	98473	551682	397665	816672	948262	262384	408621
549313	915701	148878	361992	788883	903476	588029	888256	708496	172451
980289	813961	589133	994402	661532	806314	120081	611389	307276	800091
915496	225760	352134	686432	593799	887645	817256	84321	66322	896713
786249	125404	889365	778688	348765	112989	524797	204976	689181	115718
302310	467724	954442	233579	957967	642132	785538	521413	752242	804925
962177	845087	810064	880546	359457	672036	958405	267143	822247	587194
212835	774454	224117	736909	119909	32463	61887	258360	921197	506223
318530	977168	322279	314287	372652	728449	976222	667327	300604	966779
480697	390343	100333	211975	814628	40127	306567	966122	108815	785581
297293	80168	719389	884330	671217	169001	49325	37916	352420	985344
862674	213548	16064	396901	558776	119057	82404	973808	696596	538593
696895	15577	676811	926741	233462	37214	191954	168272	236468	408256
505306	650800	41015	787763	43508	284353	324386	713091	167264	596387
187827	348099	832530	133215	589218	701830	903713	397213	826936	765559
830018	646241	597761	980762	32271	738617	638685	10639	74403	820664
168097	422692	507017	197493	858951	160990	343391	191735	802208	447076
799818	385109	105045	981674	318672	966993	641838	351794	321695	830804
754686	390894	637	691904	134606	149308	571967	543738	660862	825068
372357	193583	486006	586984	272399	378679	333201	439257	83683	835786
18207	608459	757337	497510	145439	729202	327362	71081	952593	130450
719996	634517	997205	266505	483151	655672	431334	818132	717194	884661
64448	682973	862979	305229	351221	462060	552788	59326	523162	921322
680500	525136	86401	763803	125008	138128	966412	261685	447578	990313
92931	311711	966203	841286	765530	658960	315345	93072	522581	415104
980623	686600	815359	61605	849663	908789	926750	819152	919962	235777
986843	348296	514210	662485	210626	338561	265579	996259	653911	234178
957425	948264	583366	137215	816604	290858	572384	576576	247606	305752
566327	670140	616062	51812	815551	653007	192331	562343	777360	566399
834058	988439	438952	219648	161781	956958	584175	716978	906946	50109
359824	693704	79303	346155	184205	40737	164627	606188	501086	921888
516571	876817	442843	526491	423600	506571	704063	216449	939201	610140
774395	280528	826966	305436	760479	460684	594871	913085	249767	9022
689462	695529	117998	724550	633512	370511	254810	971291	748971	728036
842551	59167	643022	687488	204737	972199	811414	635465	259120	743399
574136	24361	776320	137183	264557	94316	555317	664955	64742	82720
351194	453713	803595	64343	839964	921692	65942	222341	46733	194362
277200	919693	573220	920183	504001	909111	940598	946489	568769	950547
854599	852183	138687	677751	343939	741273	894221	759689	785087	266323
582964	420786	660150	844594	271331	365878	445947	230114	708128	386349
985468	688510	697847	973584	916998	818196	695678	513352	559884	96047
393780	565484	116957	350710	470777	669739	338054	23679	800868	413099
359895	309218	620450	698691	696184	885111	348372	869571	508014	701812
19452	790641	321355	582284	741649	4334	541210	294468	457797	621164
809361	547237	667112	827898	435951	741268	457178	731961	372217	374840
363483	451111	753141	241160	454626	721293	66769	973215	27537	530248
474071	216821	833496	813727	624099	112558	35321	67709	157758	489610
521491	279814	741995	424345	329496	928670	532624	619661	278831	693684
413074	694662	835507	61604	614497	446735	831019	541687	43899	782707
570241	255680	407399	568163	60754	159161	241902	94887	922647	398549
757089	117644	584858	993083	517050	592866	707991	361797	453788	696630
103124	116513	435301	551126	32957	101269	742402	815386	217895	151417
73673	72831	657664	659105	517078	95641	876796	466494	385688	863000
842907	264052	526411	333117	67194	293058	278570	604080	436517	33577
730701	395385	20894	795424	299296	228364	710472	981215	769207	710828
762298	249322	23952	243907	457744	80227	716586	892312	119112	182413
939643	768766	315736	592701	962842	268098	488830	706552	60635	767458
527077	703216	149341	657104	384874	192346	527349	459096	659666	397218
343273	362070	498096	797349	944422	35062	574935	537112	713994	476215
379653	764649	288755	565636	441919	65991	36152	167885	626149	109700
72770	677475	909195	405557	960607	147893	458110	367332	255154	113798
538950	187123	983799	835230	92786	972600	76140	799678	541052	155054
701524	731834	333657	771273	22470	359059	899361	273547	635900	948299
291464	99698	67998	687588	176764	29185	254284	638573	423273	801341
148181	753931	740398	40021	829008	497639	483154	157437	982129	721090
528271	528922	737981	512894	861701	532351	295497	859439	885961	660170
53194	801993	207379	633249	313400	933475	959166	48202	843355	885959
766232	292637	599174	534125	914498	45160	274321	818044	860876	930960
38041	375577	90591	144305	530193	40660	311200	720671	50149	333707
177312	120678	171928	591663	217824	268136	241497	49066	179853	358030
993020	984823	570742	788802	918131	270555	147835	114507	714165	111117
319805	486072	851265	725482	972972	688567	793182	909241	846226	112646
157729	945099	500555	279122	864117	260304	581427	2956	809978	21781
466345	484352	932807	828833	627923	351814	492145	492485	354319	642353
495201	416877	624947	699430	132841	160405	793675	275860	858164	331344
163023	79518	505743	122892	495352	801291	371302	493099	968290	403204
294982	44886	228253	715849	691665	263986	955856	967102	137834	219925
63404	931669	1560	523240	604998	201928	896294	789119	634547	742471
127011	705483	26124	878850	633888	172901	451844	736708	454684	456452
208906	870354	457524	37234	8089	706011	972419	404866	29125	589487
899678	585241	398630	695354	982992	564600	964761	619331	622753	889808
970829	617860	307942	274707	895164	662360	849614	288373	803194	970231
667569	771316	308104	564431	864463	969267	86731	206083	742116	891459
171638	690134	275304	234527	541086	556733	515239	17987	258564	850688
699854	203059	33893	903084	833794	412718	82665	511750	12211	735832
148769	280133	747716	180685	366778	717480	867213	280752	406613	509002
470762	419865	641439	247422	895535	204992	421764	283050	508499	759776
821302	826607	801003	590646	940678	516500	180533	475188	870745	501868
686721	244355	935658	281234	411012	324426	131285	35298	378238	140712
370553	984305	575722	702540	276457	916359	39598	499140	612382	930966
837791	622896	879077	669325	421897	493609	284846	231181	419562	178292
59757	372475	300617	235100	772351	850801	327251	822318	740992	849850
139874	968310	654905	542852	561885	471470	661516	699729	25974	165111
709019	325692	230252	366445	792250	122047	316302	99980	803531	852890
859658	384469	467301	56475	13390	166847	308717	170812	645683	897633
386800	503977	118137	425207	265105	808070	642167	411797	639315	640364
43359	800515	397818	755673	303268	542495	912438	57599	9396	816725
57385	882220	738795	430101	283954	919655	792138	55568	688632	578240
18	129226	443730	954081	930559	933307	49065	366392	961903	786634
31345	513101	159475	170365	997610	997210	310417	677576	73334	659472
28463	990223	493594	219338	995723	6882	985415	458095	838701	500471
611675	98540	969444	904827	725167	694553	640973	581853	369536	688323
201727	616079	867926	415218	20945	625893	106236	851260	13201	580847
486836	700727	527269	766788	792025	940906	558985	755357	790875	297899
172786	838362	654465	771584	272064	531631	123547	370591	845072	73469
452629	665832	595070	251346	682949	105099	786760	852231	531779	179365
266869	389444	718334	947349	526622	368350	687456	371694	893987	425858
280866	451735	547990	418579	404985	321385	481758	166065	600658	186452
221853	375909	570926	581984	849254	873694	554388	137102	6691	350013
967633	487795	367078	982884	432158	959643	944432	406295	489768	53637
950117	200003	962137	106589	828432	448452	268030	446239	374518	377782
278377	462682	267617	876798	673025	849250	458368	29247	971802	154383
418604	140244	659264	679061	964403	738562	867972	694931	335858	704563
304962	489357	289108	760963	497237	963866	613566	572793	744027	392642
662024	483171	803856	245871	630595	875791	683430	538245	459866	216721
806141	317401	821555	845790	498370	913557	115502	739166	340789	369099
418637	497662	99454	869505	227592	238070	579216	667169	231837	8525
600225	454960	567925	584787	69124	999502	827539	8095	805594	545217
323807	811613	158885	288363	198276	599198	755013	402709	811495	599098
805312	356992	967955	959936	506289	701711	335162	215176	699000	425174
260802	424178	172415	695946	882559	611253	5590	161626	430956	712128
160625	536846	37975	386250	71162	74404	353890	573450	44375	717778
2200	745877	57107	880257	539377	845293	937019	673008	193660	356699
760710	527268	566869	230139	951572	53400	941576	365522	935851	322757
372467	918853	136634	854728	255845	173071	230402	875922	259380	162412
273443	452196	313790	391806	554489	665974	494809	569328	418620	424559
678285	841778	207825	109776	438503	269297	402246	574713	335182	750727
418317	113997	126792	12610	600385	33096	858397	580094	117592	583591
702668	724622	757728	242784	893007	104013	676413	6041	355640	50967
82313	116927	216379	457079	528743	786774	511242	57724	192872	255147
369263	565106	168429	777546	595206	844379	977169	757273	55838	906520
168625	605212	609092	864957	554656	739447	782641	825747	777925	542423
524991	24548	554974	102638	913213	753978	256582	952531	589528	992565
864054	778843	875550	584095	284971	404112	281999	125523	942567	500851
988840	944305	300401	681210	687631	170756	928316	134596	220696	490293
699735	566324	425680	130949	913112	36251	29477	509314	151474	594305
625295	458406	181450	876014	673718	587205	334179	126055	464535	925508
31951	797581	158576	382098	707180	82416	72240	131883	339768	751220
560283	437308	299452	357627	582535	139896	269839	977932	760778	429579
26890	115011	786127	442018	534452	717141	299516	217073	263924	192086
496335	8053	25694	428141	143875	322871	425395	24861	688248	310612
631213	498247	732357	9106	14255	504170	928619	355027	161051	216480
833642	410129	436271	863578	426505	984426	869225	747883	129887	475537
658427	91223	540792	933239	762376	477936	363163	268168	344488	573431
502806	540354	837912	321913	494069	450853	474244	457086	149006	53307
785877	777250	483924	41358	572003	280549	311935	828439	323753	952376
599335	147226	93836	288017	418821	425158	77182	512961	68555	897385
276630	711973	967453	322936	110709	390589	369870	385582	524978	737759
72884	330179	617627	984170	479315	109837	557491	589351	808660	717973
538541	96739	16606	328995	549551	784247	880985	671421	19840	369304
160482	696777	196233	677072	896033	268437	694217	421326	441634	895544
848349	30120	237467	367182	588546	784063	611337	966516	123587	510177
534115	281843	814481	930106	353658	274985	714539	776391	215186	506160
219538	709192	683720	799734	872635	72371	555513	384900	583776	839286
238517	591723	498980	16178	470241	504135	162666	657059	797096	385060
886442	89329	566525	912346	43629	436104	58109	385606	820966	416402
113557	459820	7493	236952	932382	623725	915180	541081	51903	189967
279459	357808	722988	468850	329859	431970	868010	468417	249034	226481
931561	984408	476182	194236	446907	623271	588861	787361	778187	754017
311916	183458	696002	522602	529511	437951	183587	101350	23809	200401
617143	443459	320346	970049	185120	631472	398976	425976	132159	410240
969248	649412	898581	771632	185705	67934	925633	671869	149731	549051
553259	797926	919198	659780	661233	851316	18063	696287	454502	846992
443541	532215	12990	489429	339628	125405	637084	331635	802508	95252
996918	272715	138656	575648	706997	871033	500034	348334	946300	696087
8443	255543	159380	845726	328106	775393	658582	665644	186062	2166
752306	93481	368564	760521	611734	121461	543903	3776	319547	558480
121432	578879	751006	803679	422339	593054	855367	593950	362201	484944
609648	601921	698388	852098	10244	203726	45767	264294	951978	237246
931395	893641	762741	390478	982118	109765	468250	357041	510923	525377
721952	835673	575531	543981	977877	836214	841375	185771	727195	405455
173325	161188	83238	719089	721135	819350	164620	458681	536010	87070
621484	767318	397594	54228	112645	341290	237289	712187	25224	590905
154819	862689	616809	33834	219508	537960	766646	996829	39620	575164
527624	704187	984188	720556	131443	893353	962280	954008	233310	361894
819169	312974	304656	155653	710212	222688	308457	44338	996659	548013
64060	622588	996783	150570	537842	545679	495913	263744	795830	801260
432350	40426	388389	522665	765261	207361	720516	768843	307949	673829
323382	69881	813601	237392	416061	374965	377243	572317	419263	870508
704111	397447	105969	600295	263717	513147	315419	453869	343407	283731
826043	557994	331959	290407	969612	543161	333548	760948	157023	916494
476551	225324	794748	714217	238604	953062	907379	342040	159920	921310
888952	778048	585553	573583	550746	21777	655711	757285	490007	127662
80412	52084	399505	40061	94742	907157	134973	228870	598652	710168
26293	36739	613364	275497	966468	185676	142319	300439	641	282005
185321	279973	157234	531890	613839	166654	98345	337648	245134	665566
892441	928672	271628	327031	751213	411110	312186	216651	713440	401927
391378	825613	376878	98895	904770	587372	331859	855253	98573	953890
164137	233127	113952	679240	368984	597977	105229	20874	906313	739900
571900	335744	570970	772282	83950	653690	86521	596650	438144	74321
855717	182544	239415	706173	842779	52620	546453	103775	217622	779642
493229	553736	888201	390497	297824	472297	10532	773120	324576	262144
53006	487662	903292	243473	479385	628576	956256	875327	909710	15209
266944	887070	288985	83094	698169	842227	969611	368245	848922	376525
995144	884884	522599	640796	100814	670557	847423	117978	841409	831076
14867	979071	978919	492742	434019	310998	169180	736895	63060	123334
948139	455058	965250	405114	853096	721845	28669	715760	447130	243958
527913	458206	321099	664197	277777	521265	459835	253298	270603	665607
704531	776506	530181	603816	400301	396174	298062	701845	890525	758930
494525	717453	946205	804657	217097	529634	662391	796551	476984	983226
732294	840574	670092	797186	126602	425971	257791	908627	12903	138213
446663	176798	82971	133566	823899	837669	791635	62910	912132	698629
475644	476059	2005	636188	976411	732283	262236	729689	506377	883718
823474	672896	619441	909092	120945	441776	202512	186439	53279	98795
745009	742598	165276	391104	38799	550622	909815	755249	288167	177155
819738	815624	691455	111963	825808	140540	519702	858348	430250	883758
347618	58748	295099	698320	748276	643419	171680	668236	402870	232625
589009	354372	916123	518711	996425	220443	467481	720194	748374	493890
711553	389221	24553	373084	517144	992464	312417	495428	908812	752869
191795	298895	488342	112067	155947	772721	898132	992972	734038	992015
504100	264972	134581	944427	363605	169510	163264	265434	208538	829433
168675	471117	799283	509975	451222	387732	280564	728668	514320	666342
613023	952274	498397	750917	219460	961971	449741	97467	424727	930941
506602	129965	12235	128657	428628	403216	983846	280003	498461	548214
760046	780562	137356	365819	222114	582591	57556	605796	165748	848994
421725	866609	267903	297377	694287	478387	734529	792228	358104	170553
416512	60679	957977	82737	246609	912834	248089	473257	546916	287787
31711	534445	82321	964179	902328	153620	234165	886461	668080	156308
181725	585435	731032	634197	591253	396206	77365	158877	61883	16886
753623	925658	636755	959696	279197	670972	833854	972416	744716	593091
351782	877549	938668	641918	842297	702376	282911	683108	134021	376397
691194	623617	241529	505226	573246	172202	883197	820698	219314	229071
241001	80814	259549	636613	200748	382227	772388	562942	599049	833456
237483	244081	488058	713582	995113	849302	187171	696011	244542	530133
148367	720898	220282	822082	906019	90814	552983	262685	890578	995850
650010	851772	529760	515895	972974	24353	208114	410343	740981	305347
627199	573783	938643	935894	665819	769342	547876	831564	156042	205966
91363	538817	875390	561472	253142	535701	508321	424972	632986	742155
43458	146410	510905	545933	424319	375340	832108	917449	493098	586351
140022	683736	722360	118949	924431	678972	6692	473908	865181	490539
763601	423220	510694	538191	276287	511811	346536	361233	330585	433058
674872	680121	836877	173832	592359	372761	527934	454285	994859	61764
332276	529493	599281	304385	635701	353185	116487	917631	232428	244080
33308	794625	795619	93373	950912	783264	870339	48557	939161	583811
328842	452170	389811	737539	60875	826591	765624	185951	577508	679224
579092	645134	348313	602151	995734	574758	806248	489130	229664	4734
562786	528130	335444	126188	373612	615600	156515	591004	825530	378331
19537	549896	280637	784633	181005	322356	760290	222422	51893	198787
501445	869188	83692	700991	799216	46519	44686	926135	182358	887981
498549	708818	197243	161375	766950	619635	882837	114203	646510	160884
942096	377543	665973	1803	333859	64442	165264	150201	213395	929813
551889	450078	585956	105066	212238	199522	240308	63220	145737	593145
727255	717786	490440	767170	414670	708857	770925	577922	177074	862380
942982	748316	221058	453557	302017	423487	996891	59752	545226	394165
37672	935217	153746	100099	396817	639139	334522	864615	683811	296447
980182	292483	273744	224036	540693	327930	320605	323920	531872	5609
178514	72724	474982	850557	276973	18192	893905	892152	253660	119878
203282	558781	297202	341153	925413	701001	902010	533704	410848	534196
773422	545910	898826	139807	628745	277337	630463	342079	280844	501873
377366	766968	300972	410342	937849	652878	251724	150515	802230	88186
402993	862104	49758	605571	402684	129943	103359	547447	570561	490257
354324	737106	334411	616004	816548	131123	884152	563651	934683	716076
115552	766884	872553	123290	263238	181925	980464	680982	912563	172341
314882	296212	457718	143781	484591	391874	993895	227416	428038	544595
700575	865035	777608	608697	33741	291651	553465	8606	649594	827422
519019	992843	830723	730481	537	563957	373028	574869	767079	53009
179088	100945	865206	624390	451692	844942	606177	97099	812464	93502
484439	452394	193620	915830	546827	29354	3928	667782	325187	602563
743533	985575	45988	7748	585204	229133	132125	541966	494859	68198
229279	323941	622757	479492	926563	590291	941123	41452	941334	467720
787921	229751	830816	300686	196892	227961	845240	638143	458585	781250
478209	801793	748880	486138	829336	80791	134432	616825	187797	896546
381508	572711	585922	762715	86767	156776	106311	427275	930277	665048
308648	803943	400605	654743	970172	925822	678192	600809	554738	898623
942519	675130	38351	119495	484342	410186	831846	103948	996609	595954
132088	474902	435461	891076	883060	965490	842547	175723	159880	39723
800812	326814	224563	931277	808565	805011	200297	302874	175008	80885
688992	589536	863092	967619	431955	50245	327612	94823	591910	724262
932500	887725	632114	247447	830787	695737	654875	462812	4887	115755
922414	740941	415754	292138	199666	541454	256882	90866	904720	859086
493410	593082	333104	200163	127956	426236	121381	684095	50517	990243
828780	754329	49925	510509	206316	399371	703876	292761	46346	800418
189082	544846	128894	810782	326851	505638	97565	522489	588555	153515
166589	345211	364040	256629	426882	314924	288599	640658	213154	726306
143585	457904	12425	926681	32212	575881	39822	868264	344258	726313
136978	827918	700917	191974	824627	191474	87255	116775	587859	253374
3181	767443	266357	716108	561332	262542	60189	26726	482426	540168
498789	624645	674531	920101	152759	389595	336404	274803	290303	834522
444624	609268	739850	931651	204405	234608	643398	582123	247521	202940
787984	361046	459403	837638	489290	820261	183326	612281	384016	272278
980251	235775	62854	574460	463565	432609	824843	55073	267761	860432
866221	33981	361038	876534	362995	777997	155858	455196	900654	511350
974136	987364	813592	979393	750882	284259	453178	604191	375779	656436
849179	344094	558437	74352	948687	471753	77503	962882	138063	810355
394808	8324	469188	375590	87890	267800	48488	177068	404396	985377
715177	483342	235130	919648	778755	861442	236199	197718	715265	950956
262133	747607	444399	725666	959578	688748	461598	802697	594237	956009
997891	162987	307042	747660	575367	291862	738374	18186	519620	908240
314314	440126	375847	270662	711568	419931	19298	360742	701038	354117
601363	299460	71841	13814	888116	242982	885776	211273	876647	827489
198810	290303	665647	161734	184924	452266	182650	584413	655943	570167
927803	802252	404580	323273	124441	197058	387584	426020	62156	111461
580644	315059	771460	430566	292343	386782	45947	639450	812344	145584
96950	394808	172838	891537	421016	898708	267239	91812	843133	507461
488498	961418	418532	988999	561395	613017	10163	28178	731171	285903
9744	959196	889860	89502	600940	511756	206151	616720	310211	489236
435991	464779	192272	411808	915628	131107	69661	962705	628906	805362
634799	583574	267786	747411	442395	113213	298127	390346	955845	874425
456647	500917	768325	825167	216357	750484	242139	127744	867652	674596
945836	48313	561113	166454	94223	5194	131853	52301	970153	157144
82926	292109	676833	313863	547926	577776	797895	638569	815219	713707
774975	783221	648768	277668	485637	818820	440230	37011	488390	421727
487558	668324	499638	373436	514582	131176	975043	24574	229790	977326
469499	33326	824182	723781	968429	400946	700676	763989	710179	139494
258202	376417	927884	998393	996239	267837	947517	532247	699307	353288
16699	638019	345563	596628	64801	114612	641385	816767	88214	802822
945469	490564	12465	159979	607245	606461	610971	173982	58159	790486
827126	929237	964826	212056	804579	2827	437965	851214	90906	132665
411509	23471	105499	102365	280241	833391	926213	593980	986310	590374
172565	465378	296137	690289	535832	454801	556230	621877	448981	357467
151951	962824	797515	421993	465427	364190	828935	391719	234414	432692
229197	200080	869398	925229	578786	534436	513971	412352	868499	382504
667201	981249	428590	129637	740240	235793	716793	147305	928231	495991
411389	877893	7071	221293	481027	30872	770355	42381	686439	735258
678820	728124	669798	632610	278585	288181	862002	268694	487598	137936
71896	894299	185565	652203	792810	375761	455227	447422	262661	138462
262155	164253	876319	740669	732739	504277	264851	759170	845311	914577
455184	814010	207146	239945	647099	287375	125175	680412	854604	74870
792371	850980	386554	768175	904494	201919	888302	700458	90527	934127
738955	483973	876519	413267	340942	689315	820507	594212	703000	882806
61651	889571	917321	238390	495868	989203	52952	428682	212575	624266
140561	165505	942234	664933	845397	783281	396162	826268	675127	368534
732725	349193	929622	203586	599984	66008	627074	913722	698280	798481
123173	418332	639120	112383	8099	961565	381714	613106	618631	615123
884802	490672	518238	791419	790359	726460	451950	982500	311174	529890
15529	827510	849092	927788	722356	162582	87047	436773	593437	642515
389703	101698	1230	64847	74732	184248	150469	332515	464760	758769
677787	498294	105940	207246	841529	298124	160058	683126	939522	695747
511576	102314	296657	338869	325839	933636	369205	31177	560145	286056
707521	345267	569327	28789	20573	922168	515188	787677	905005	445176
530920	976081	471142	617439	101743	13956	650935	137278	932572	881342
314690	858832	251785	20968	876731	632506	374358	415046	481566	434690
508552	554186	234551	334008	487214	510110	298762	894970	822212	730126
91638	712973	164237	649587	686556	855087	795984	993584	694519	545241
978839	28689	973210	602727	991909	264639	975802	907435	503924	174047
629925	506686	237849	409081	274350	637852	505305	627934	653485	750553
695261	805301	700198	657553	446828	124880	172879	979504	693444	782870
856025	516587	9277	175136	738454	875407	405023	983158	627466	789711
552066	21386	731946	644688	358138	552667	830368	271344	58971	907170
725069	48199	500562	962381	737775	19016	209570	449247	149434	397866
120767	692054	235498	488777	967381	550539	444209	402911	988550	481696
733721	49090	759673	544176	227531	159413	774953	511612	737486	808882
204341	558329	856707	403486	293448	376905	636955	635139	92058	132247
917770	361613	950858	977031	989987	480365	692044	560112	572190	540376
777411	640574	762728	60232	225227	526199	813552	313494	283901	18876
602025	348477	904684	17304	608204	487839	786670	97562	993564	890667
801684	31165	708471	108979	658864	769195	983091	937213	710821	917937
462735	777406	579846	847241	390303	649426	590663	464913	503317	890302
607931	671689	826060	58294	887260	188265	327855	307722	627364	5384
524989	326648	564710	913461	399203	588989	66537	788216	225917	480468
163703	894229	898693	726288	356460	278990	141242	958358	415668	692118
523749	587646	329603	610666	342763	824926	444593	780613	288786	729719
349760	201777	838128	873676	506920	340386	509309	58775	969871	585537
777219	249804	674018	991252	829317	709326	124546	773124	580415	437884
5689	442614	25063	432603	486596	583609	691364	554353	776107	755256
651344	199018	185839	179583	211036	578344	315871	506731	181665	367095
681453	663445	262155	348623	546928	266656	437896	449632	472153	688403
26053	383022	683740	809336	305291	11481	232415	912498	840486	308550
930923	755712	704289	79399	418924	480063	73437	249846	194961	304769
558598	754665	6176	489141	914175	199438	40815	368830	407456	900425
276105	430979	86071	550609	237758	788195	985249	834026	158857	254879
835888	949540	600462	68988	272856	180260	364946	910643	506026	653557
769702	866475	291715	477523	300000	476572	36807	15598	580948	387543
950522	850797	397312	241090	331600	239014	908466	687006	306169	192317
923676	171610	901626	847150	862761	159330	537635	323439	952432	960192
360454	59277	351599	384596	734164	715073	893012	730976	404256	435413
858748	476622	443174	435632	112408	707724	317275	798026	413989	263818
100744	774004	275956	14073	39796	451331	373444	226892	207983	128776
522193	771879	748215	98362	302053	991608	513713	917440	126836	394070
518280	355807	313207	656900	63004	579580	586921	108204	92425	511420
460898	935309	813697	117990	322002	315898	974917	974622	874348	288079
944401	189730	823700	173601	58924	854787	829255	923560	842961	412738
664893	634767	364330	517823	657039	893525	153809	475254	536734	926886
121604	132051	505273	920126	450590	361757	777879	483547	735704	815506
43124	382106	761144	108456	389069	756461	906434	22016	579359	31232
748691	937675	188510	12498	385155	337798	848100	831735	475453	466710
967255	728149	994268	8162	597859	942880	411776	736656	332441	202988
488944	934746	414823	519243	588938	972472	944538	641082	14388	572576
602466	831951	740107	403669	234971	663254	956235	504043	154971	18621
561010	870329	581337	989910	7302	307679	134137	229647	159392	245537
390476	865009	107888	736315	903557	970816	235852	747582	59776	741110
790918	571510	486252	390532	328453	544294	182751	713180	453050	430013
914089	594146	768164	114583	162219	235647	627135	696726	92890	33269
928716	960255	133550	198535	224673	406282	591903	305954	365040	225828
552404	206457	216689	91048	129154	210760	901571	612797	743914	333956
528221	812610	186276	810963	276915	892780	936183	709482	452769	118218
906447	73472	954652	45944	525939	517648	731218	700517	275416	183081
728662	624050	167753	770227	86936	585041	829938	36195	671274	967790
773235	620696	288811	665346	479605	524419	740579	927957	961710	326740
222678	50658	316810	970427	231112	447642	259939	418699	25418	368145
355921	879484	992794	53520	288029	647400	104618	577182	786215	665099
997602	268174	233885	472826	557203	112608	472443	785646	482643	134099
977278	732090	370880	929593	83448	743446	966746	629675	365834	104459
916527	539758	71034	542292	669174	408451	62550	103645	541105	367157
358189	830282	247360	78457	754811	989393	511083	120837	266550	694697
417320	491796	964511	69276	944170	620018	80372	203995	349116	814117
837973	792835	270604	706971	806120	43266	571164	281384	89497	937823
378257	898183	86223	227545	798004	825405	789738	389431	757922	590936
639032	588484	310511	723349	771830	403758	323302	15945	216962	976811
793541	989482	118139	136455	815793	322940	170987	550900	183109	880664
40335	165592	187278	896580	7762	874526	538999	60673	407547	675258
674618	820315	621040	373521	992178	609658	127564	865994	350846	110446
510628	733756	872991	459468	408701	444512	50779	164	385044	336203
47176	448457	152271	470950	897232	829961	746681	136973	718864	101278
478866	881437	720349	671925	684921	704878	551835	129613	184896	891215
167013	667088	890535	76329	293307	292420	23256	430341	4576	894683
542268	174585	771215	195153	691826	900287	929626	195385	128246	511005
40470	209956	117116	495041	164900	612164	148666	542167	21798	684967
598811	358097	117570	402244	341498	567591	398844	352955	546858	11075
870072	172649	374819	843564	35543	444853	302924	187488	883750	334251
751550	675660	966657	595351	840805	400481	145178	401868	396349	581282
545786	422201	846940	98699	238048	49437	952626	200529	220785	468609
650214	714265	204828	375398	435268	438431	753320	246586	805949	779542
668347	293600	608924	794287	132875	750227	641105	79289	976075	822086
675349	335755	528954	385163	661096	453340	728965	916063	851387	680874
23013	420209	407557	114477	568865	546844	957786	348289	637352	973529
813086	252035	607497	127251	501637	819507	363489	153690	58948	824615
977876	840002	163549	74480	885485	728382	87544	124896	714573	762415
397979	995263	726517	345042	989316	582125	192344	671835	856825	845790
903746	350125	324853	828551	104912	757000	837384	291377	208292	377086
887307	248474	540954	240269	407989	856055	831623	962913	151928	624647
410091	327679	592465	5381	172442	359902	391079	328675	31710	224488
38279	682747	170087	906994	821681	257637	734826	455353	34917	163944
703095	999255	805725	972150	202297	100770	956514	45828	496445	596251
262243	310777	884244	529587	870985	712472	980209	163473	458704	215771
908081	565057	620175	931292	972922	600407	314405	505956	619809	297744
509268	526263	824756	972400	888978	415557	950556	844121	698506	133885
903298	555801	869565	626706	322921	359751	882108	142789	948816	680856
999579	135014	995512	68887	469496	639685	323952	338263	973634	906454
451905	988704	109429	663169	852729	926193	160269	95296	863447	170327
256105	766213	353660	398597	548164	419431	84750	608574	904618	833084
580202	91060	723726	77294	901376	358836	227643	846196	407812	52659
716981	881574	77482	191875	290008	503637	404565	911330	193755	940964
290301	357417	38730	444178	696190	854929	888110	797574	872238	251372
590823	680440	810607	775730	610313	276619	19143	171225	448726	910277
788986	513816	446541	97780	156659	168880	643392	586373	434286	701959
834546	661184	953788	301277	930202	669115	286924	494671	807319	429939
989866	854896	374336	314266	137866	284445	275715	448074	932000	921814
567477	27010	362029	940954	707870	211676	461527	810277	345527	984188
632883	397005	773709	158015	293621	286299	385517	647842	449115	619652
994378	678210	529251	698203	293175	916815	850812	410332	828586	787635
4321	415720	46387	312331	769753	348892	454767	346749	963059	187001
860600	692983	256313	883939	909823	653899	129711	583375	51452	945697
946236	18385	790823	297451	943979	862731	80984	660261	930136	738638
471782	107861	420120	236706	970651	606476	296348	140204	291081	70575
243655	674785	703066	276719	691155	441219	430534	228546	240601	308814
886141	731854	393312	870311	935948	205095	356859	422504	998259	729999
543127	269595	570164	414367	529431	431321	663835	316739	129312	712557
37267	855363	353048	396416	395104	836706	462822	733819	823261	333419
199489	431951	388985	420841	663227	825025	162966	323151	164211	547511
182751	791865	826324	903471	100602	719357	900027	545160	817403	124586
281540	986116	693351	874054	603208	910255	93193	692230	842248	157124
232068	669897	74690	640958	838422	397293	385592	329258	664266	57944
503320	85063	669945	830166	687652	99749	399572	34033	948900	29376
672286	678011	391762	371417	82386	712287	745060	221711	546606	685609
147178	19161	733594	318334	286182	126059	866651	909767	136051	876820
616834	107666	509515	343158	388357	668084	818181	115224	919967	646866
277391	12829	587429	403221	366501	661966	328190	857732	675401	578323
465858	467237	140265	775925	801944	259537	227649	856438	997158	566238
488953	215454	902415	610024	160253	704014	797798	1414	101024	388833
189411	412413	27621	685662	267042	186906	273144	534660	669302	611212
730877	82918	37613	161240	38414	929887	685413	548620	30899	555567
839429	761844	44674	94727	224007	48741	667458	556359	171562	546299
477786	964782	479980	579459	611419	904886	928274	832542	552821	247516
262504	506105	880555	647827	960884	282899	809314	476837	36250	499554
873001	513558	701320	835640	116159	447888	291156	297743	228820	642271
359533	960686	904736	92955	888241	235240	28465	35412	435312	32454
166298	413393	85423	507993	183090	479645	316130	336234	199228	49767
740418	242155	567720	450520	871243	393720	256536	47646	71974	153091
458313	821348	815443	241246	676863	772250	575846	103132	951847	423315
277211	791440	308343	459443	386655	811204	43880	89073	426495	785648
899126	499879	960829	295442	90433	667561	490539	980902	17459	709046
690331	88234	601264	678752	369928	954132	823319	119646	584061	610577
882122	743180	360240	958940	77793	468200	876111	862168	190184	88588
412199	733770	100056	426622	658179	180931	832776	5778	546212	352045
459539	655660	850909	727731	279930	266514	380295	736998	758385	585045
21152	564771	826869	310774	460875	419211	394145	98511	681373	302198
647391	447662	617107	39417	935761	7621	302090	400021	359590	764285
796002	645162	290513	847495	704920	929358	753370	955635	90077	815395
118386	752790	847315	836921	37871	129830	475411	4825	301800	825761
713121	70386	916961	455215	155201	479017	968097	775318	484390	546934
674838	987037	123548	52244	749609	473244	754124	165246	485150	284687
934772	990953	253750	514083	867112	922601	633209	101034	873015	613344
821093	91297	858505	905728	197371	832305	943820	573581	905184	254570
292796	160489	797913	498323	457083	163815	668508	730444	527222	499837
219460	553648	801496	134976	696885	803384	158593	308214	222389	227638
625791	207002	38869	910355	329115	970543	96638	509998	354858	583507
276339	925106	114651	760407	265130	639647	332201	963000	757737	29488
233814	637189	361665	347930	431463	390415	268858	673601	704039	942409
517503	393298	157168	582978	29883	595120	538444	690884	636674	986060
597701	501908	981407	793019	687040	585523	47852	625126	117843	507279
531702	456065	93502	745294	989913	93266	4063	402110	91945	870409
634116	285296	336831	668320	406781	96099	26102	180115	197858	292440
863035	745814	591088	380085	826929	122488	216536	218275	461944	271990
329192	728602	532537	782810	831688	131559	116312	228110	708351	248166
788842	12013	550064	442064	326365	156270	313606	8228	59840	266945
68515	99179	719182	375312	195410	984355	574394	989195	142076	304681
357563	522286	389125	58500	141287	161514	663899	422785	922354	296652
165274	832445	294723	802938	287123	710030	749271	895777	190683	817426
616915	199470	35015	563826	79762	236431	336558	185475	392752	15265
732874	384590	940389	744021	781563	84687	293602	117007	750258	511060
823712	170286	539670	199546	341504	587096	588774	220077	826283	742092
246306	271461	195921	739435	515379	768781	659234	521149	734534	719549
281933	488188	156875	43172	444786	938504	794757	629253	378074	498526
921260	765541	138714	431476	984466	288774	223690	95746	561814	195538
434001	119389	189947	990067	652543	672340	228261	857489	776955	679793
650959	128812	42672	263604	55035	605000	67090	820635	192769	397176
759462	98427	76448	90803	131086	362847	720184	397149	984434	317238
516956	984866	150912	272155	639596	790302	883173	416791	824083	63879
438111	782138	694900	238214	832514	120580	652504	186343	435826	288159
252870	105524	640100	168517	974516	56763	617806	454443	503190	837044
730981	457034	353679	434963	519265	872638	246163	221755	693114	694154
920130	533778	874550	142449	30381	391553	286415	701948	159111	804590
107547	68116	258368	791443	521836	137744	986021	431698	534540	157552
950173	612648	340496	932388	418465	164846	628153	982285	757840	227370
125608	290251	265693	272349	492663	543379	637347	617068	160457	822084
210678	575108	782741	64149	24478	238386	507442	546718	270303	992541
719703	250969	410977	262667	355316	542143	9149	638164	441276	295317
536325	443662	241920	138517	618727	8408	419743	217887	788668	575813
521186	164193	255836	540840	417150	273372	406013	574827	303235	494154
520024	832743	272419	992496	781683	784899	818593	123562	483603	339473
672380	794833	837210	480660	726287	573403	997890	230496	540776	985211
818228	403580	489332	848819	692950	828095	555326	677558	392809	367777
825064	223088	697047	715122	14325	903142	520545	831729	992441	623769
674002	838586	932940	363149	341826	893206	729841	720442	527347	743487
232956	664316	780902	334122	2157	730945	1608	941019	634600	338441
980857	65092	105620	37553	286960	25939	8957	763146	504813	622248
27080	376885	92724	423085	344779	240251	670422	728671	324047	918927
790044	735730	785567	80819	187379	750825	174865	246813	177137	236696
63012	572410	352993	378039	336814	840412	776266	560001	87180	372135
579528	161244	5367	401302	711559	433199	238668	773377	621009	637565
706942	320939	385650	798070	807596	369178	387925	54661	306998	303625
98583	779320	129799	852076	553730	970551	709484	369288	117261	185156
897724	650778	300803	800365	201369	60575	28228	748034	406488	674178
709650	205429	773272	416371	85359	340611	133071	321573	107416	726205